46371
43984
41866
39709
37430
36864
30203
29028
28069
27750
25916
25755
25398
24754
23924
23085
21738
21304
21271
20321
20088
20020
19285
18478
18461
17989
17665
17363
17270
17242
17147
15765
15535
15177
14424
14183
13760
13344
12934
12565
12391
11953
11040
10986
10539
9960
9266
8465
8254
7310
7008
6565
6279
6018
4977
4731
4592
4492
4394
4259
4128
3980
3867
3380
3361
3338
3241
3195
3161
3098
3066
3037
3017
2742
2650
2540
2515
2083
1653
1023
840
775
433
184
172
149
110
106
102
100
96
94
91
71
47
24
