507927
452841
253303
245743
235665
215588
205313
199481
178189
172739
165086
165002
164993
163352
162913
161353
160955
160605
160454
159030
155214
152124
148440
146955
144162
142131
140359
131853
131814
131200
130277
127425
124120
123826
122378
120970
115964
115357
113695
113481
113387
112550
108116
104546
102573
101305
100348
96772
96733
96442
95227
92009
90736
90712
88192
86639
85894
85654
85021
84806
76500
75907
75433
74450
73132
72179
71310
71179
69345
57797
55255
52697
52279
44686
44573
42221
41101
41011
39372
36962
36897
33321
27714
26589
24277
22163
17833
16090
13365
11214
10121
8001
4598
4035
63
50
