34184
30839
28230
27961
26187
26094
26047
25748
25628
25611
25525
25301
25064
25036
24897
24253
24174
24131
23921
23744
23675
23271
23160
22918
22892
22721
22480
22328
22158
22141
22117
22036
22005
21867
21861
21548
21407
20857
20700
19820
19658
19385
19196
19163
18888
18713
18410
18160
18060
17910
17698
17698
17637
17603
17438
17341
17332
17053
16517
16484
15775
15595
15531
15257
15095
14804
14777
14731
14256
14021
13988
13780
13753
13477
13330
12077
11944
11737
11085
10676
10307
8036
6551
4964
4228
729
612
518
345
260
220
218
166
158
143
86
